((("program" .
   [0 0 0 0 0 1 0])
  ("res" .
   [2 0 0])
  ("req" .
   [1 0 0])
  ("compression" .
   [2 0 0 0 0 0 0 0 0 0 0])
  ("app" .
   [2 0 0])
  ("New" .
   [2 0 0])
  ("Same" .
   [1 0 0 0])
  ("ch2" .
   [3 0 0])
  ("Walk" .
   [2 0 0 0])
  ("ch1" .
   [2 0 0])
  ("Tree" .
   [2 0 0 0])
  ("_walk" .
   [3 0 0 0 0])
  ("tree" .
   [6 0 0 0])
  ("Millisecond" .
   [1 0 0 0 0 0 0 0 0 0 0])
  ("boom" .
   [1 0 0 0])
  ("Tick" .
   [1 0 0 0])
  ("quit" .
   [4 0 0 0])
  ("Sleep" .
   [1 0 0 0 0])
  ("say" .
   [3 0 0])
  ("image" .
   [2 0 0 0 0])
  ("color" .
   [1 0 0 0 0])
  ("Punct" .
   [1 0 0 0 0])
  ("Greeting" .
   [1 0 0 0 0 0 0 0])
  ("Struct" .
   [1 0 0 0 0 0])
  ("Fprint" .
   [1 0 0 0 0 0])
  ("Request" .
   [1 0 0 0 0 0 0])
  ("ResponseWriter" .
   [1 0 0 0 0 0 0 0 0 0 0 0 0 0])
  ("String" .
   [1 0 0 0 0 0])
  ("Sqrt" .
   [1 0 0 0])
  ("What" .
   [1 0 0 0])
  ("MyError" .
   [2 0 0 0 0 0 0])
  ("Abser" .
   [1 0 0 0 0])
  ("Scale" .
   [1 0 0 0 0])
  ("MyFloat" .
   [2 0 0 2 0 0 0])
  ("Abs" .
   [5 0 0])
  ("runtime" .
   [1 0 0 0 0 0 0])
  ("neg" .
   [1 0 0])
  ("pos" .
   [1 0 0])
  ("adder" .
   [2 0 0 0 0])
  ("sum" .
   [12 0 0])
  ("result" .
   [5 0 0 0 0 0])
  ("WordCount" .
   [1 0 0 0 0 0 0 0 0])
  ("fields" .
   [1 0 0 0 0 0])
  ("Println" .
   [11 0 0 0 0 0 0])
  ("string" .
   [15 0 0 0 0 0])
  ("main" .
   [13 0 0 0])
  ("Vertex" .
   [13 0 0 0 0 0])
  ("Pic" .
   [1 0 0])
  ("pic" .
   [2 0 0])
  ("interface" .
   [0 0 0 1 0 0 1 0 0])
  ("make" .
   [5 0 0 0])
  ("~/.emacs.d" .
   [0 0 0 0 0 0 1 0 0 0])
  ("load-path" .
   [0 0 0 0 0 0 0 1 0])
  ("add-to-list" .
   [0 0 0 0 0 0 1 0 0 0 0])
  ("EntryModel" .
   [0 0 0 0 0 0 1 0 0 0])
  ("origin" .
   [1 0 0 0 0 0])
  ("entries" .
   [1 0 0 0 0 0 0])
  ("entry" .
   [8 0 0 0 0])
  ("require" .
   [1 0 1 1 0 0 0])
  ("row" .
   [3 0 0])
  ("log" .
   [6 0 0])
  ("console" .
   [6 0 0 0 0 0 0])
  ("sqlite3" .
   [2 0 0 0 0 0 0])
  ("var" .
   [7 0 0])
  ("Number" .
   [1 0 0 0 0 0])
  ("entryModel" .
   [1 0 0 0 0 0 0 0 0 0])
  ("function" .
   [3 0 0 0 0 0 0 0])
  ("err" .
   [10 0 0])
  ("return" .
   [1 0 0 0 0 0])
  ("elem" .
   [1 0 0 0])
  ("count" .
   [3 0 0 0 0])
  ("printSlice" .
   [1 0 0 0 0 2 0 1 0 0])
  ("int" .
   [17 0 0])
  ("fmt" .
   [53 0 0])
  ("pow" .
   [3 0 0])
  ("value" .
   [5 0 0 0 0])
  ("package" .
   [0 0 0 1 1 3 1])
  ("import" .
   [0 0 0 0 1 0])
  ("exit" .
   [2 0 0 0])
  ("float64" .
   [5 0 0 0 0 10 0])
  ("math" .
   [4 0 0 1])
  ("hypot" .
   [1 0 0 0 0])
  ("fibonacci" .
   [3 0 0 0 0 0 0 0 0])
  ("time" .
   [9 0 0 0])
  ("today" .
   [4 0 0 0 0])
  ("complex128" .
   [2 0 0 0 0 0 0 0 0 0])
  ("Cbrt" .
   [1 0 0 0])
  ("cmplx" .
   [3 0 0 0 0])
  ("Reader" .
   [1 0 0 0 0 0])
  ("Writer" .
   [2 0 0 0 0 0])
  ("error" .
   [2 0 0 0 0])
  ("Sprintf" .
   [1 0 0 0 0 0 0])
  ("Hello" .
   [2 0 0 0 0])
  ("http" .
   [6 0 0 0])
  ("strings" .
   [1 0 0 0 0 0 0])
  ("rot13Reader" .
   [1 0 0 0 0 0 0 0 0 0 0])
  ("rot" .
   [1 0 0])
  ("Read" .
   [1 0 0 0])
  ("url" .
   [9 0 0])
  ("Fetcher" .
   [2 0 0 0 0 0 0])
  ("body" .
   [2 0 0 0])
  ("urls" .
   [2 0 0 0])
  ("fetcher" .
   [5 0 0 0 0 0 0])
  ("Fetch" .
   [1 0 0 0 0])
  ("Urls" .
   [5 0 0 0])
  ("Krawl" .
   [2 0 0 0 0])
  ("store" .
   [4 0 0 0 0])
  ("depth" .
   [1 0 0 0 0])
  ("band" .
   [3 0 0 0])
  ("done" .
   [1 0 0 0])
  ("bool" .
   [1 0 0 0])
  ("Crawl" .
   [1 0 0 0 0])))
